0.01820751112951314
0.022339045675817765
0.026791336809727513
0.017415062085264867
0.043467141037679506
0.05191824007759564
0.055113278632041865
0.06366531151400467
0.08714160625208203
0.07036787647133219
0.1111578626179821
0.1151922025073811
0.12098707140220329
0.1398901397682143
0.14848686026095176
0.14397120765359017
0.15878424671392127
0.16064894269956922
0.18125138956032116
0.18588572280108373
0.19237765478324728
0.2060464500913912
0.22206987918435517
0.22650243524842936
0.2420239889159077
0.24823435637246893
0.26876021922128895
0.2728251090461957
0.27874962161885225
0.2930741904439733
0.3023005177990185
0.3053326679812355
0.30486372768339265
0.31689471030727157
0.33746530925380985
0.33627583999268623
0.3540426050247887
0.3638820717172276
0.35675571923057886
0.3675135941315227
0.3750400836821588
0.3905037105765383
0.40099285932680584
0.40028834871605784
0.4123777452403319
0.43531052036175355
0.43441937554481896
0.44067929926386656
0.44933868324246096
0.46858056578065477
0.4818704844247957
0.47980278810351334
0.49692545034488583
0.5048160002051113
0.5122394316888519
0.5311413646524179
0.5415138568108256
0.5327418143526654
0.521474687676358
0.562109512762754
0.5715782572669484
0.5617685584498883
0.5888498704616656
0.5979849975623578
0.5858297005384165
0.5956073099987624
0.6192542951176587
0.6151174022529589
0.6420928929030638
0.631467896923003
0.6560211988951751
0.6638055041483338
0.6606487932984121
0.6648270066876458
0.678810359841498
0.6678405178052208
0.6865658442315006
0.6958742526627821
0.7002512217369147
0.6904224542954268
0.7180584755283298
0.7290692821783988
0.7400535103298731
0.7438647181998932
0.7490780050321144
0.7436286551408339
0.7538098029370062
0.7723289494022804
0.7772408387288939
0.769324605620416
0.7740583748810357
0.8018356243426961
0.7919412930831139
0.7863173527418568
0.7852654484972441
0.7993445919529968
0.8139293805079175
0.8247588291985342
0.8282044339059415
0.8228944361100825
0.8196002311867935
0.8600065073032969
0.8363043505531456
0.8595366691753294
0.8608003617947931
0.8435045191043368
0.8687562838692335
0.8927940727466595
0.8834599672521042
0.8872066540539494
0.8958379728851468
0.8959700336674292
0.8846474750990263
0.9064175726108029
0.9026948430441286
0.9256431402457568
0.9188438989184099
0.9180238298610759
0.9250000687840614
0.9211506651439848
0.944147587934592
0.9483161273729782
0.9270112058327298
0.9335087433171483
0.9380642008156425
0.9630577231967667
0.958678225443985
0.9491447063609273
0.9641365013516184
0.9452496981137927
0.96228081562496
0.9641149678948427
0.9766961841969898
0.9674333791970925
0.9701427731543734
0.9752490962734384
0.9715070989141811
0.9889457944426999
0.9843117262922456
0.988968857867281
0.9885943943444601
0.976531551289018
1.0016381331165007
0.9942336152989164
1.0025396542249665
0.9789953802999843
0.993024806002228
0.9902840459482872
0.997196505711547
0.9961430632422978
0.9957819096048107
0.9930188323219762
1.0099341519131546
1.015555078933269
0.9982249921279693
1.0089518207482078
1.0030856931939023
0.9898760637916917
0.985765889972198
0.9903441188630728
0.9994059920271057
0.9940736838684548
1.0111340548119434
1.008857216714235
0.9973527192181906
1.0041279473306675
0.9956871280739846
1.0031870844375141
1.0045433580801764
0.9939893390021218
0.9834495980928168
1.0029452007874795
0.9852400579155788
0.9888400520164945
0.9955279464036242
0.9778944419238508
0.9635160082045942
0.9812457931583302
0.9779257657336229
0.983082613609554
0.9721028393879436
0.9684109515859204
0.9467513250411971
0.9520108700362865
0.9882281344444157
0.9607260401191074
0.9715545775017589
0.9390030988383172
0.9440912985502365
0.9296406927709228
0.9419788967952138
0.930251501570221
0.9236253409103069
0.9494941698986586
0.9261444250060763
0.9156225643979157
0.9181072837488002
0.9117509598291357
0.9277328190717357
0.9128626598673536
0.8959756220435554
0.9089030363010161
0.9123490125373044
0.9006290537049702
0.8965615093805143
0.9022980904187825
0.9041160845091588
0.8747567554198823
0.8632240515374345
0.888797213175513
0.8684672924155732
0.8488041384960526
0.8553857153296037
0.8422983994958314
0.8267369567698915
0.8451059557217745
0.8169122148830739
0.8324384949046173
0.8135935095464262
0.8022477610166889
0.8111877622868139
0.79553061739397
0.8002201277159307
0.7956443449246794
0.7900606966048715
0.7699456270818038
0.7800761719393013
0.7603439348632369
0.76310355087363
0.752351528803671
0.7345505138755579
0.7196762182142395
0.7303565074500544
0.7089818920820525
0.7205792710002226
0.7156319558421856
0.6943379787855231
0.7006566880653258
0.6854959954058578
0.6730452191620231
0.6743650789691369
0.6816755528436268
0.6561635302532391
0.6424918403523856
0.6537181642784997
0.6317046430392311
0.6263572088404449
0.6354291292685109
0.6097894324357119
0.6037724400530389
0.6096843952692768
0.5744403958158547
0.582125516933524
0.559068283412793
0.5503349424707993
0.5664548285472589
0.5552344369513342
0.5312973155474683
0.5451156098716337
0.5235607704913994
0.4948496003151143
0.5009138616797778
0.4922611368802407
0.47753597066643405
0.48647819218254296
0.45601346166941603
0.4556182629049489
0.44779047418179313
0.44081774759489545
0.4406440875253136
0.4242826578330278
0.4058712879248364
0.4139277202081129
0.3980821530663092
0.3950124039191848
0.38979217615055606
0.3570136996176188
0.376558364681909
0.3416835755798369
0.3373078259246227
0.33626631625255804
0.3270254419207069
0.3185485616041294
0.31461833389065946
0.2875645690435631
0.2886953044366284
0.26041343088442936
0.26865439014402487
0.25294193063547354
0.26084456358097285
0.22325492593065233
0.24587889650476463
0.2200019381482469
0.21361530574807194
0.19650885848730468
0.20415820553884037
0.17687765579794384
0.1647857565835239
0.1637083538779157
0.13636359251833138
0.13351465076000052
0.13803478949346984
0.12468151419200199
0.1260149739585468
0.12150953612609111
0.08739254774218264
0.0720679500777947
0.05906884530033598
0.06230242013213695
0.04285692843593126
0.04249302816817358
0.024512025675586722
0.038706202116924195
0.006741903907271488
0.008626038007940932
-0.008478493072798904
-0.02658276644728143
-0.030739021682961117
-0.030539149374487935
-0.044826559074863014
-0.06166620057461687
-0.06183020739592003
-0.07971313412036007
-0.06211535417602451
-0.10439260343445937
-0.10143619745605327
-0.12164692376605742
-0.13688375849741619
-0.13897320993393264
-0.14868166812342706
-0.1747488449415224
-0.16163993704866456
-0.15567446037405863
-0.19235488243000895
-0.18567741559788914
-0.2052299164735003
-0.2397424114534663
-0.2447574257930372
-0.23394491185754418
-0.23400095412395144
-0.27106345512394703
-0.26573549781019445
-0.27502107348996874
-0.27588440580656104
-0.27639868977488735
-0.30246737300572546
-0.3082289131709545
-0.3044532821740814
-0.3119186925365787
-0.3501631739987657
-0.34157536871294264
-0.3572440462491014
-0.37266661712180277
-0.3697167934106298
-0.4092355622415588
-0.39201071513587804
-0.40792744292673266
-0.4090661533079164
-0.4028740132183254
-0.42073312604848545
-0.42129474126782196
-0.45634377798020964
-0.4609746140917654
-0.4598281859685927
-0.4755623654721623
-0.46070603859982373
-0.5133150572749027
-0.5007262761937892
-0.5102187310228382
-0.5172198298286433
-0.5517763760417599
-0.5350242878040417
-0.5454631822096442
-0.5495253305158669
-0.5622400806189991
-0.5793609331197795
-0.5683037956223262
-0.5800574039260532
-0.5844726689796601
-0.6066999308861265
-0.6103593569109896
-0.6278092008133631
-0.6379200376064741
-0.6210207486008508
-0.6251855813308058
-0.6487573538383672
-0.6584839392969927
-0.6483343027682673
-0.6768811966647805
-0.6683333719571605
-0.6860074769580841
-0.7045970309232434
-0.7034098087961387
-0.6920725493434847
-0.7072469151375016
-0.7272773959670307
-0.7407971086196702
-0.7338595283245862
-0.7351267151608486
-0.7640598144287452
-0.7612207949039002
-0.7391050960650892
-0.7669190355907896
-0.767193928441206
-0.7830410817411536
-0.7958789149062976
-0.7856669068874439
-0.8118977864792268
-0.7874500810847324
-0.8050636390565016
-0.8082468167201973
-0.83115022707851
-0.8322681993200712
-0.8445414940505757
-0.8518497324863735
-0.8463761247948258
-0.8363690260538328
-0.8592409880265912
-0.8587273758953204
-0.8841332410477882
-0.8590103405357725
-0.8708128300504866
-0.8831340482212041
-0.8978804618422035
-0.8990728420967113
-0.9123139894605974
-0.9046109209636622
-0.8955309703356721
-0.9176836077253221
-0.9006856943983294
-0.8972803967062062
-0.9172821401072108
-0.9349215731395044
-0.9167260865217169
-0.9583008956774564
-0.9446207722241609
-0.9338727862308683
-0.9595490273486902
-0.945229516302982
-0.9384120513521729
-0.9628069846448026
-0.9541716042591821
-0.9487120322220476
-0.971048912126125
-0.9635398755147628
-0.9749420552597567
-0.9836002291593655
-0.9824582609341873
-0.9747606525204771
-0.9726026498238494
-0.9822679517822146
-0.9815632404330031
-0.9802407710430955
-0.98598387050389
-1.0045847719443703
-0.9817375934796368
-1.0074678091839326
-1.002225348167132
-1.0057867809677565
-0.9932116057083169
-0.9778658288913717
-1.004297294837069
-1.0056212582721267
-1.0092824043585134
-1.0085937367472273
-0.9764225570979662
-1.0002955484575813
-0.9880745534737397
-1.0043660961733603
-1.0017772167691736
-0.9937025112446125
-1.0094781164016458
-1.001419908567877
-1.011353404476963
-0.9893895408571189
-0.980854100376739
-0.9988831358141558
-0.9984756283799394
-1.0080774464871922
-0.9960839540560616
-0.9776882576028663
-1.0010931744610145
-0.9823478727472215
-0.9950137008202703
-0.9896732740052704
-0.9905521366262682
-0.9912711195234253
-0.9954252605765467
-0.9819355370914312
-0.9711540507550451
-0.9726614860197184
-0.9837449783731437
-0.9638670790720861
-0.9838382648697025
-0.9719932923528398
-0.9714256444934158
-0.9804732072516517
-0.961819572591439
-0.9564899656725177
-0.9641741840153595
-0.9454565805233681
-0.9614250841112096
-0.9641255770455721
-0.9508132813212369
-0.9327268024670259
-0.9544844957193819
-0.9387176264435018
-0.9397516464060565
-0.9320917259789628
-0.9079129554713
-0.9291798326674964
-0.9126012537415427
-0.9261524542295226
-0.9037241576940956
-0.9107724248382806
-0.8828796007087925
-0.898979037554141
-0.8887895794507671
-0.8856192225436783
-0.8911076324317532
-0.8745549676383186
-0.884932450607686
-0.8737777428168093
-0.8668256974555243
-0.8481929811069064
-0.8382122223530168
-0.8469936148798699
-0.8522831675311049
-0.8600112529379939
-0.832287634947721
-0.8315362863521623
-0.8320532087903231
-0.8066644224998238
-0.815880028601864
-0.7996508437427201
-0.8122265841869805
-0.7962104784570447
-0.7919821103709807
-0.8006009588472094
-0.7861996752034106
-0.7654054909617088
-0.7628653886950584
-0.7644174875402816
-0.7472875939732752
-0.7600134077460401
-0.7478254141101679
-0.7317961076329851
-0.7235388163187035
-0.7290434007194223
-0.7016499207063827
-0.7008216023534547
-0.7057655008393301
-0.7133828584466033
-0.682941131756562
-0.6790997003477477
-0.6581025405596783
-0.6501765556498084
-0.6692844824710487
-0.6306414561564745
-0.6337508049607571
-0.6353549973002496
-0.6143446386718021
-0.6118804655802367
-0.618800908856438
-0.6098651125832729
-0.5927778913741222
-0.5830954834188019
-0.5877392198998893
-0.5625011941807149
-0.551667075980596
-0.559856197180367
-0.5358567789931732
-0.5373505568765665
-0.5263872130935086
-0.514240045686253
-0.5061797633405103
-0.5193620157519601
-0.4768999121690681
-0.4660026273836478
-0.45749803498946795
-0.46098487444224256
-0.4494823141947321
-0.4367427246494519
-0.44000050940586755
-0.421387088301982
-0.4252955942580369
-0.41123514294622054
-0.40156833407350684
-0.389406065821917
-0.39356568000883174
-0.3665405321873647
-0.36385098854798054
-0.3651829956024222
-0.3492140741678798
-0.344643755074914
-0.31978097951791074
-0.32216319281271505
-0.3025201337426801
-0.2864457971666299
-0.30093288670128127
-0.2961309395982766
-0.2724870214429283
-0.24394512544756436
-0.26663595930901296
-0.22333043207653952
-0.24471839413882296
-0.238461136930755
-0.2219864235425324
-0.2048677176696235
-0.1823452600638176
-0.19388879348235422
-0.17795522770379815
-0.16448434180332216
-0.16416162060015363
-0.13894672446166392
-0.1349343424460179
-0.10322891065948375
-0.1259103257897256
-0.10352282078966323
-0.10792363597898007
-0.06261032898186501
-0.08597196019385314
-0.05118037614744642
-0.06259912448737076
-0.0447511273621787
-0.03884540723810896
-0.030678763826366473
-0.011561077335722637
-0.0048031011925637026
0.01572189973725751
0.033361270788594855
0.02474670947825944
0.02213225057199672
0.04780142288139823
0.06394420575863508
0.07154013098162934
0.0627235557292686
0.08524350140642467
0.10539110197367872
0.10519483278893114
0.11158744815348438
0.11542089687442976
0.1193186395372002
0.16014970132754908
0.13277800158782388
0.17550805536521377
0.16465039241209203
0.1942892059520363
0.20171251137029445
0.20467492620701971
0.2118680485793377
0.22728143131485928
0.23107537246994792
0.24205798281831412
0.2539792130529151
0.2612750348277477
0.27836661898621357
0.28437819517133994
0.2920090639979639
0.29403584942693206
0.3019489082241316
0.3235990053560318
0.32365560415008066
0.326653289488632
0.3603526809568185
0.3628568714818035
0.36699613022990607
0.3748420441725753
0.3651546931323137
0.39339970701942467
0.39898547084195224
0.41332041224053956
0.41112738563704654
0.4050990937068498
0.4392870291499408
0.4394796832039687
0.46012400902732153
0.45573121995014887
0.4650391699602848
0.4854121823070595
0.5067058571495177
0.493890554861239
0.5263278695319487
0.5338538493593118
0.5468733089848761
0.5263411610327163
0.5386593422874011
0.5458733176068921
0.5725460763890833
0.5865907470131108
0.5861375669805582
0.5851933787117205
0.6050643710423949
0.5872058946139195
0.6261101503885204
0.627915053835124
0.6259786244773313
0.6336497572136752
0.6428371873983223
0.6478362053546156
0.6499760014535252
0.6503526733398522
0.6575135383701288
0.681053339196676
0.6753297447723691
0.7112884288037327
0.7186285136383663
0.7107700897916405
0.7085155320513518
0.7355333909739447
0.7229881314963394
0.7358268412045061
0.7325363034261216
0.7428942592472434
0.7657397882301687
0.7649838088001133
0.7597633146383063
0.7818012732880947
0.7760656222444026
0.796900477337214
0.7975252556034113
0.7952032381364408
0.8027036082691452
0.805065805294906
0.8051956626467742
0.8403066082508285
0.8479129004183892
0.8244546812912272
0.8410268150613688
0.8609708862947223
0.8680490742246223
0.8393117722078853
0.8761499308355551
0.8615712360862762
0.8773430100905565
0.8640079307414288
0.8753771035623718
0.8877836007222651
0.916804600728225
0.8950869898001114
0.8778580235318648
0.9103349428176065
0.9229009108726113
0.9051809605098838
0.9236170374146843
0.9204590810458696
0.9250723094394251
0.9166440023181417
0.949638165629811
0.9540343792663033
0.948216326307667
0.9514214256250322
0.9268577178770597
0.9467933254253074
0.9343816500876347
0.9723197014775635
0.9726375631823712
0.9544424200320047
0.9879130914327704
0.957680903482622
0.9706135115797999
0.9649201826537784
0.9632321606286255
0.9719620907452472
0.9907799599886692
0.9843036315747566
0.9714745589870029
0.9875292172075533
0.9801919410353513
0.9800839567661518
0.9894901795112365
1.0042964418338323
0.9792428657020561
1.002860822281644
1.0007889611577663
1.0048970410221068
0.9905642125787855
1.0025962056054296
0.9951291143790736
0.9966533908888395
0.987725867012589
0.9906882723792294
1.021768153509118
0.9957813273757482
1.0062682486893335
0.9867289158096195
0.9912221781960215
1.0091613316448163
1.006824790714729
1.0076706274990603
1.0074141006202002
0.9781599139520455
1.004723560188349
0.9903729107159023
1.000593810459177
0.9958623369702032
0.9898377458458992
1.0027377990207218
0.9983967046081927
0.9824943712260267
0.9979301709038818
0.9867240295081015
0.986909894463957
0.9890113210835949
0.9840013091638656
0.9628052410187867
1.0036166175257306
0.9858790360234321
0.9924955162899233
0.9697629921023982
0.9672217005062619
0.9759974821852336
0.9561199951479772
0.9515598448358498
0.9734609684508331
0.9567727650539833
0.9675348529711167
0.9432014179959907
0.9488120462570011
0.9380313568886055
0.9512321044134888
0.9396893284694734
0.9468234802113144
0.9270861531919729
0.928189300854112
0.9264763463534413
0.9252423829055039
0.9175824242497358
0.9195234004583624
0.9081422978456647
0.8861128380671325
0.9066990427409464
0.884831689180277
0.8978130289889277
0.8825038854200381
0.8775733569998434
0.8917531250790067
0.8586522879529387
0.8726954096670492
0.8629761444212352
0.8485904571399663
0.83515857296662
0.8286971265569574
0.841816381434898
0.8445626021184569
0.8358952620380508
0.8208408485448616
0.8242506430419146
0.8183243853869793
0.8048667932180987
0.7890819250436591
0.7892130217178357
0.7959020332087838
0.7831834991385271
0.7782802553987054
0.7608602088493637
0.7538144171254325
0.7521735194061707
0.7387231915818501
0.7497902621521434
0.7383131869037058
0.7381753192197346
0.7065486651395062
0.7121080160354784
0.7149960400981672
0.6979164982854943
0.7099857471907394
0.6760382217118305
0.6754900384763861
0.6513957109703654
0.6550339183823164
0.6668481551276253
0.6565840513575487
0.6332198328552051
0.6517205423581258
0.6139874926268889
0.616105232230805
0.5975381407988606
0.5939337681070973
0.595421376039242
0.5891302107898039
0.5900339284376952
0.5700691993255588
0.5606243896431137
0.5687797452408695
0.5340110190361251
0.5476065900677275
0.5262173969271029
0.5311758554068435
0.5035590128253931
0.5227989386911897
0.49811307074127653
0.4628613415200938
0.4769602656186137
0.4766567703084643
0.4481836479630568
0.44562504602360536
0.4387887382445964
0.42642098116745414
0.4234743797816486
0.4069535673487353
0.38737966720578126
0.39238582709254405
0.4011767608652992
0.3642668576407429
0.3541362616628093
0.357847425491752
0.33742309983547747
0.34421786479706895
0.32660461931649226
0.31709871930275935
0.30992390796072616
0.30232229160920804
0.2858890288147494
0.2777278070380146
0.28765670064829063
0.2794192126038532
0.2420069147402753
0.23977957703174604
0.2516066176497957
0.22425389034308915
0.20820469210416023
0.21908219680499413
0.19420628573579593
0.17969276388608146
0.1690079481428234
0.16454078199051514
0.15282844864399636
0.13225497998818347
0.12822835038661987
0.12759094942651586
0.1095207163860792
0.09527406173538926
0.10406561411074136
0.08263932997335302
0.07908411586537194
0.0707546843331198
0.05059899877797347
0.05406115588646236
0.04267314795139177
0.04115508345661977
0.016948548323427865
-0.0008552063025999155
0.008811534128740466
-0.010222623265133984
-0.02558964833992631
-0.03799194158950409
-0.03842263995182532
-0.06104886704074432
-0.06585185582624126
-0.07923640191213188
-0.09269871355343473
-0.09762215180320624
-0.10440091173933325
-0.12882854699071422
-0.1250077264768914
-0.13564146148757963
-0.15113291934917633
-0.1501197268581803
-0.14442533302715319
-0.17852454489261618
-0.19408997256264884
-0.20827133418258456
-0.200542588705871
-0.21048710291154107
-0.22615800612246634
-0.24100464745715441
-0.23742192208402507
-0.2665626770977083
-0.26156188367818317
-0.27545214685775626
-0.28141788238585314
-0.28769958185928673
-0.29207045801582043
-0.3202374796642665
-0.3258174298773636
-0.33077458744250143
-0.3377948638662148
-0.34396324346114376
-0.35647165268291464
-0.363124567980933
-0.38524120075370666
-0.3874026822308347
-0.39408270277830465
-0.4077298809621869
-0.4067677278870444
-0.43294523333612206
-0.4138160115210699
-0.42662459970948263
-0.4564306717081284
-0.46843237281470035
-0.48294864486753786
-0.4612232811889944
-0.45824364424924596
-0.500546782380008
-0.5053686730279623
-0.5101778234874863
-0.5257107603792555
-0.5155497341803962
-0.5301289541922081
